[gd_scene format=3 uid="uid://ca3tria6ikews"]

[ext_resource type="Script" uid="uid://djnqyegf7b6b2" path="res://mine.gd" id="1_mine"]
[ext_resource type="PackedScene" uid="uid://kij6lkt1tul5" path="res://assets/mine/Mine.glb" id="2_i6hay"]

[sub_resource type="SphereMesh" id="SphereMesh_body"]
radius = 5.0
height = 10.0

[sub_resource type="StandardMaterial3D" id="Material_body"]
albedo_color = Color(0.1, 0.1, 0.16, 1)
metallic = 1.0
metallic_specular = 0.0
emission_enabled = true
emission = Color(0.44705653, 0.22138682, 0.14737937, 1)
emission_energy_multiplier = 0.35

[sub_resource type="SphereShape3D" id="SphereShape_trigger"]
radius = 5.097763

[sub_resource type="CapsuleShape3D" id="CapsuleShape3D_i213m"]
radius = 0.5678711
height = 14.970152

[sub_resource type="CapsuleShape3D" id="CapsuleShape3D_i6hay"]
radius = 0.5678711
height = 15.081955

[sub_resource type="CapsuleShape3D" id="CapsuleShape3D_vanlv"]
radius = 0.5678711
height = 14.997677

[sub_resource type="CapsuleShape3D" id="CapsuleShape3D_w3yfb"]
radius = 0.5678711
height = 15.201407

[node name="Mine" type="Area3D" unique_id=295821135]
collision_layer = 2
script = ExtResource("1_mine")
knockback_force = 200.0

[node name="MeshInstance3D" type="MeshInstance3D" parent="." unique_id=1056482382]
mesh = SubResource("SphereMesh_body")
surface_material_override/0 = SubResource("Material_body")

[node name="CollisionShape3D" type="CollisionShape3D" parent="." unique_id=752290813]
shape = SubResource("SphereShape_trigger")

[node name="Mine2" parent="." unique_id=389057579 instance=ExtResource("2_i6hay")]
transform = Transform3D(6.11, 0, 0, 0, 6.11, 0, 0, 0, 6.11, 0, -0.06161499, 0)

[node name="CollisionShape3D2" type="CollisionShape3D" parent="." unique_id=1683014241]
transform = Transform3D(0.63218623, 0.7698231, -0.087824285, 0.13760014, -4.3711392e-08, 0.990488, 0.7625005, -0.6382575, -0.1059278, 0.08664101, -0.64284825, -0.04574301)
shape = SubResource("CapsuleShape3D_i213m")

[node name="CollisionShape3D5" type="CollisionShape3D" parent="." unique_id=1989018511]
transform = Transform3D(-0.039377358, -0.66503155, -0.7457763, 0.025097884, -0.7467779, 0.6645998, -0.99890924, 0.0074529154, 0.046097077, 0.061845273, -0.1575341, -0.0019403688)
shape = SubResource("CapsuleShape3D_i6hay")

[node name="CollisionShape3D6" type="CollisionShape3D" parent="." unique_id=456642785]
transform = Transform3D(-0.9991449, 0.005319814, 0.04100301, 0.023824139, -0.7364415, 0.6760817, 0.033792805, 0.6764804, 0.73568463, 0.03289403, 0.115883715, 0.10094872)
shape = SubResource("CapsuleShape3D_i6hay")

[node name="CollisionShape3D8" type="CollisionShape3D" parent="." unique_id=285893532]
transform = Transform3D(0.7726712, -0.6314708, -0.06499149, 0.09135434, 0.009295783, 0.99577516, -0.6281984, -0.77534395, 0.0648702, 0.083043516, -0.6713043, 0.014359802)
shape = SubResource("CapsuleShape3D_vanlv")

[node name="CollisionShape3D11" type="CollisionShape3D" parent="." unique_id=1397465820]
transform = Transform3D(0.17564747, -0.699273, 0.69293946, 0.1775638, 0.71484214, 0.6763668, -0.96830726, 0.0042390544, 0.24972583, 0.0089674, -0.030319095, -0.090707004)
shape = SubResource("CapsuleShape3D_w3yfb")

[node name="CollisionShape3D12" type="CollisionShape3D" parent="." unique_id=2027452297]
transform = Transform3D(-0.965753, 0.005651297, 0.259402, 0.18098792, 0.7310418, 0.65789187, -0.18591587, 0.68230927, -0.7070289, 0.17834856, 0.043009147, 0.17294535)
shape = SubResource("CapsuleShape3D_i6hay")
